001010000000110100
111000000000111000
111000000000111100
001010000000111000
111000000000001000
111000000000110000
001110000000001000
011000000001010000
110110000000000000
001010000000110100
111000000000111000
011010000000000000
000000000000000100
000000000000000000
000000000000000000
000000000000000010
000000000000000100
000000000000000110
000000000000001000
000000000000001010
111000000001010000
000000000000000000
000000000000000000
000000000000000000
000000000000000000
000000000000000000
000000000000000000
000000000000000000
000000000000000000
000000000000000000
000000000000000000
000000000000000000
