



010010000000101000
011000000000100000
111000000000100100
010010000000101100
110110000000001000
010010000000110000
010010000000101000
011010000000000000
000000000000001010
000000000000000010
010110000000000000
001110000000000000
110000000000000000
000000000000000000
000000000000000000
000000000000000000
000000000000000000
000000000000000000
000000000000000000
000000000000000000
000000000000000000
000000000000000000
000000000000000000
000000000000000000
000000000000000000
000000000000000000
000000000000000000
000000000000000000
000000000000000000
000000000000000000
000000000000000000
000000000000000000




